[gd_scene load_steps=5 format=3 uid="uid://bfj0o16y5fsya"]

[ext_resource type="ArrayMesh" uid="uid://cakq75daay5e1" path="res://Models/Weapons/Shotgun/Shotgun_03.obj" id="1_fhnm1"]

[sub_resource type="StandardMaterial3D" id="StandardMaterial3D_fpgbh"]
albedo_color = Color(0.337255, 0.223529, 0, 1)
metallic = 0.5

[sub_resource type="Animation" id="Animation_eoymi"]
resource_name = "ShotgunShoot"
length = 0.3
step = 0.01
tracks/0/type = "value"
tracks/0/imported = false
tracks/0/enabled = true
tracks/0/path = NodePath("MeshInstance3D:position")
tracks/0/interp = 1
tracks/0/loop_wrap = true
tracks/0/keys = {
"times": PackedFloat32Array(0, 0.02, 0.3),
"transitions": PackedFloat32Array(1, 1, 1),
"update": 0,
"values": [Vector3(0, 0, 0), Vector3(0, 0, 1), Vector3(0, 0, 0)]
}

[sub_resource type="AnimationLibrary" id="AnimationLibrary_8doqg"]
_data = {
"ShotgunShoot": SubResource("Animation_eoymi")
}

[node name="Shotgun" type="Node3D"]

[node name="MeshInstance3D" type="MeshInstance3D" parent="."]
transform = Transform3D(0.2, 0, 0, 0, 0.2, 0, 0, 0, 0.2, 0, 0, 0)
cast_shadow = 0
mesh = ExtResource("1_fhnm1")
surface_material_override/0 = SubResource("StandardMaterial3D_fpgbh")

[node name="AnimationPlayer" type="AnimationPlayer" parent="."]
libraries = {
"": SubResource("AnimationLibrary_8doqg")
}

[node name="Bullet01Ray" type="RayCast3D" parent="."]
transform = Transform3D(0.992546, 0, 0.121869, 0, 1, 0, -0.121869, 0, 0.992546, -0.0772035, 0.0473404, -0.465342)
target_position = Vector3(0, 0, -1)

[node name="Bullet02Ray" type="RayCast3D" parent="."]
transform = Transform3D(0.999391, 0, 0.0348995, 0, 1, 0, -0.0348995, 0, 0.999391, -0.0326953, 0.047, -0.46)
target_position = Vector3(0, 0, -1)

[node name="Bullet03Ray" type="RayCast3D" parent="."]
transform = Transform3D(0.999391, 0, -0.0348995, 0, 1, 0, 0.0348995, 0, 0.999391, 0.033, 0.047, -0.46)
target_position = Vector3(0, 0, -1)

[node name="Bullet04Ray" type="RayCast3D" parent="."]
transform = Transform3D(0.992546, 0, -0.121869, 0, 1, 0, 0.121869, 0, 0.992546, 0.0771578, 0.0473404, -0.462635)
target_position = Vector3(0, 0, -1)
